255 255 255 255 255 255 255 255 255 255 255 255 255 255 255 255
255 255 255 255 255 255 255 255 255 255 255 255 255 255 255 255
255 255 255 255 255 255 255 255 255 255 255 255 255 255 255 255
255 255 255 255 255 255 255 255 255 255 255 255 255 255 255 255
255 255 255 255 255   1   1 170 255   1   0   0 255 255 255 255
255 255 255 255 255   4   0 255 255 255   0   0 254 255 255 255
255 255 255 255   0   1 255  29 255   0   1   2 254 255 255 255
255 255 255   0   0 255 120 254   1   0   0 253 255 255 255 255
255 255 255 255   1 255 255   1   1   0   0 255   0 255 255 255
255 255 255 255   1 254 255   1  94 255   0 255 255   1 255 255
255 255 255   4 255   0 255 255   0 255 255   0 255 255 255 255
255 255 255 255 255 255 255 255 255 255 255 255 255 255 255 255
255 255 255 255 255 255 255 255 255 255 255 255 255 255 255 255
255 255 255 255 255 255 255 255 255 255 255 255 255 255 255 255
255 255 255 255 255 255 255 255 255 255 255 255 255 255 255 255
255 255 255 255 255 255 255 255 255 255 255 255 255 255 255 255
255 255 255 255 255 255 255 255 255 255 255 255 255 255 255 255
255 255 255 255 255 255 255 255 255 255 255 255 255 255 255 255
255 255 255 255 255 255 255 255 255 255 255 255 255 255 255 255
255 255 255 255 255 255 255 255 255 255 255 255 255 255 255 255
255 255 255 255 255   1   1 170 255   1   0   0 255 255 255 255
255 255 255 255 255   4   0 255 255 255   0   0 254 255 255 255
255 255 255 255   0   1 255  29 255   0   1   2 254 255 255 255
255 255 255   0   0 255 120 254   1   0   0 253 255 255 255 255
255 255 255 255   0 255 255   1   1   0   0 255   0 255 255 255
255 255 255 255   1 254 255   1  94 255   0 255 255   2 255 255
255 255 255   4 255   0 255 255   0 255 255   0 255 255 255 255
255 255 255 255 255 255 255 255 255 255 255 255 255 255 255 255
255 255 255 255 255 255 255 255 255 255 255 255 255 255 255 255
255 255 255 255 255 255 255 255 255 255 255 255 255 255 255 255
255 255 255 255 255 255 255 255 255 255 255 255 255 255 255 255
255 255 255 255 255 255 255 255 255 255 255 255 255 255 255 255
255 255 255 255 255 255 255 255 255 255 255 255 255 255 255 255
255 255 255 255 255 255 255 255 255 255 255 255 255 255 255 255
255 255 255 255 255 255 255 255 255 255 255 255 255 255 255 255
255 255 255 255 255 255 255 255 255 255 255 255 255 255 255 255
255 255 255 255 255   1   1 170 255   1   0   0 255 255 255 255
255 255 255 255 255   4   0 255 255 255   0   0 254 255 255 255
255 255 255 255   0   1 255  29 255   0   1   2 254 255 255 255
255 255 255   0   0 255 120 254   1   0   0 253 255 255 255 255
255 255 255 255   0 255 255   1   1   0   0 255   0 255 255 255
255 255 255 255   1 254 255   1  94 255   0 255 255   2 255 255
255 255 255   4 255   0 255 255   0 255 255   0 255 255 255 255
255 255 255 255 255 255 255 255 255 255 255 255 255 255 255 255
255 255 255 255 255 255 255 255 255 255 255 255 255 255 255 255
255 255 255 255 255 255 255 255 255 255 255 255 255 255 255 255
255 255 255 255 255 255 255 255 255 255 255 255 255 255 255 255
255 255 255 255 255 255 255 255 255 255 255 255 255 255 255 255

255 255 255 255 255 255 255 255 255 255 255 255 255 255 255 255
255 255 255 255 255 255 255 255 255 255 255 255 255 255 255 255
255 255 255 255 255 255 255 255 255   1 255 255 255 255 255 255
255 255 255 255 255 254 254 255   0 255 255 255 255 255 255 255
255 255 255 255   0   0   2 253 255 255   0 255 255 255 255 255
255 255 255 255   0   0   1   0   0   0 255 255 255 255 255 255
255 255 255 255   1 255   0   0   0 255 255 255 255 255 255 255
255 255 255 255 255 255 255   1   1  94   0 255 255 255 255 255
255 255 255 255 170 255  29 254   1   1 255 255 255 255 255 255
255 255 255 255   1   0 255 120 255 255 255 255 255 255 255 255
255 255 255 255   1   4   1 255 255 254   0 255 255 255 255 255
255 255 255 255 255 255   0   0   1   1 255 255 255 255 255 255
255 255 255 255 255 255 255   0 255 255   4 255 255 255 255 255
255 255 255 255 255 255 255 255 255 255 255 255 255 255 255 255
255 255 255 255 255 255 255 255 255 255 255 255 255 255 255 255
255 255 255 255 255 255 255 255 255 255 255 255 255 255 255 255
255 255 255 255 255 255 255 255 255 255 255 255 255 255 255 255
255 255 255 255 255 255 255 255 255 255 255 255 255 255 255 255
255 255 255 255 255 255 255 255 255   2 255 255 255 255 255 255
255 255 255 255 255 254 254 255   0 255 255 255 255 255 255 255
255 255 255 255   0   0   2 253 255 255   0 255 255 255 255 255
255 255 255 255   0   0   1   0   0   0 255 255 255 255 255 255
255 255 255 255   1 255   0   0   0 255 255 255 255 255 255 255
255 255 255 255 255 255 255   1   1  94   0 255 255 255 255 255
255 255 255 255 170 255  29 254   1   1 255 255 255 255 255 255
255 255 255 255   1   0 255 120 255 255 255 255 255 255 255 255
255 255 255 255   1   4   1 255 255 254   0 255 255 255 255 255
255 255 255 255 255 255   0   0   0   1 255 255 255 255 255 255
255 255 255 255 255 255 255   0 255 255   4 255 255 255 255 255
255 255 255 255 255 255 255 255 255 255 255 255 255 255 255 255
255 255 255 255 255 255 255 255 255 255 255 255 255 255 255 255
255 255 255 255 255 255 255 255 255 255 255 255 255 255 255 255
255 255 255 255 255 255 255 255 255 255 255 255 255 255 255 255
255 255 255 255 255 255 255 255 255 255 255 255 255 255 255 255
255 255 255 255 255 255 255 255 255   2 255 255 255 255 255 255
255 255 255 255 255 254 254 255   0 255 255 255 255 255 255 255
255 255 255 255   0   0   2 253 255 255   0 255 255 255 255 255
255 255 255 255   0   0   1   0   0   0 255 255 255 255 255 255
255 255 255 255   1 255   0   0   0 255 255 255 255 255 255 255
255 255 255 255 255 255 255   1   1  94   0 255 255 255 255 255
255 255 255 255 170 255  29 254   1   1 255 255 255 255 255 255
255 255 255 255   1   0 255 120 255 255 255 255 255 255 255 255
255 255 255 255   1   4   1 255 255 254   0 255 255 255 255 255
255 255 255 255 255 255   0   0   0   1 255 255 255 255 255 255
255 255 255 255 255 255 255   0 255 255   4 255 255 255 255 255
255 255 255 255 255 255 255 255 255 255 255 255 255 255 255 255
255 255 255 255 255 255 255 255 255 255 255 255 255 255 255 255
255 255 255 255 255 255 255 255 255 255 255 255 255 255 255 255

255 255 255 255 255 255 255 255 255 255 255 255 255 255 255 255
255 255 255 255 255 255 255 255 255 255 255 255 255 255 255 255
255 255 255 255 255 255 255 255 255 255 255 255 255 255 255 255
255 255 255 222 251 255 208 212 255 255 233 233 255 255 255 255
255 255 255 181 185 255 216 156 255 255 148 220 255 255 255 255
255 255 237 250  93 245 250 120 255 246  94 254 126 229 255 255
255 255 124 205 219  90 167 143 120 115 125 132 172 255 255 255
255 255 251 122 141  77  49  34  69 142 105  95 207 251 255 255
255 255 255 255 173 140  74  48 154 107  98  97 100 253 255 255
255 255 188 156 183 158  63  90 106  95 124  85 189 255 255 255
255 255 255 163 107  82 141 128 139 144 123 193 255 255 255 255
255 255 255 255 121 104 108 236 136 106 114 230 255 255 255 255
255 255 255 255 255 255 255 255 255 255 255 255 255 255 255 255
255 255 255 255 255 255 255 255 255 255 255 255 255 255 255 255
255 255 255 255 255 255 255 255 255 255 255 255 255 255 255 255
255 255 255 255 255 255 255 255 255 255 255 255 255 255 255 255
255 255 255 255 255 255 255 255 255 255 255 255 255 255 255 255
255 255 255 255 255 255 255 255 255 255 255 255 255 255 255 255
255 255 255 255 255 255 255 255 255 255 255 255 255 255 255 255
255 255 255 222 251 255 208 212 255 255 233 233 255 255 255 255
255 255 255 181 185 255 216 156 255 255 148 220 255 255 255 255
255 255 237 250  93 245 250 120 255 246  94 254 126 229 255 255
255 255 124 205 219  90 167 143 120 115 125 132 172 255 255 255
255 255 251 122 141  77  49  34  69 142 105  95 207 251 255 255
255 255 255 255 173 140  74  48 154 107  98  97 100 253 255 255
255 255 188 156 183 158  63  90 106  95 124  85 189 255 255 255
255 255 255 163 107  82 141 128 139 144 123 193 255 255 255 255
255 255 255 255 121 104 108 236 136 106 114 230 255 255 255 255
255 255 255 255 255 255 255 255 255 255 255 255 255 255 255 255
255 255 255 255 255 255 255 255 255 255 255 255 255 255 255 255
255 255 255 255 255 255 255 255 255 255 255 255 255 255 255 255
255 255 255 255 255 255 255 255 255 255 255 255 255 255 255 255
255 255 255 255 255 255 255 255 255 255 255 255 255 255 255 255
255 255 255 255 255 255 255 255 255 255 255 255 255 255 255 255
255 255 255 255 255 255 255 255 255 255 255 255 255 255 255 255
255 255 255 222 251 255 208 212 255 255 233 233 255 255 255 255
255 255 255 181 185 255 216 156 255 255 148 220 255 255 255 255
255 255 237 250  93 245 250 120 255 246  94 254 126 229 255 255
255 255 124 205 219  90 167 143 120 115 125 132 172 255 255 255
255 255 251 122 141  77  49  34  69 142 105  95 207 251 255 255
255 255 255 255 173 140  74  48 154 107  98  97 100 253 255 255
255 255 188 156 183 158  63  90 106  95 124  85 189 255 255 255
255 255 255 163 107  82 141 128 139 144 123 193 255 255 255 255
255 255 255 255 121 104 108 236 136 106 114 230 255 255 255 255
255 255 255 255 255 255 255 255 255 255 255 255 255 255 255 255
255 255 255 255 255 255 255 255 255 255 255 255 255 255 255 255
255 255 255 255 255 255 255 255 255 255 255 255 255 255 255 255
255 255 255 255 255 255 255 255 255 255 255 255 255 255 255 255

255 255 255 255 255 255 255 255 255 255 255 255 255 255 255 255
255 255 255 255 255 255 255 255 255 255 255 255 255 255 255 255
255 255 255 255 255 229 255 251 253 255 255 255 255 255 255 255
255 255 255 255 255 126 172 207 100 189 255 255 255 255 255 255
255 255 255 233 220 254 132  95  97  85 193 230 255 255 255 255
255 255 255 233 148  94 125 105  98 124 123 114 255 255 255 255
255 255 255 255 255 246 115 142 107  95 144 106 255 255 255 255
255 255 255 255 255 255 120  69 154 106 139 136 255 255 255 255
255 255 255 212 156 120 143  34  48  90 128 236 255 255 255 255
255 255 255 208 216 250 167  49  74  63 141 108 255 255 255 255
255 255 255 255 255 245  90  77 140 158  82 104 255 255 255 255
255 255 255 251 185  93 219 141 173 183 107 121 255 255 255 255
255 255 255 222 181 250 205 122 255 156 163 255 255 255 255 255
255 255 255 255 255 237 124 251 255 188 255 255 255 255 255 255
255 255 255 255 255 255 255 255 255 255 255 255 255 255 255 255
255 255 255 255 255 255 255 255 255 255 255 255 255 255 255 255
255 255 255 255 255 255 255 255 255 255 255 255 255 255 255 255
255 255 255 255 255 255 255 255 255 255 255 255 255 255 255 255
255 255 255 255 255 229 255 251 253 255 255 255 255 255 255 255
255 255 255 255 255 126 172 207 100 189 255 255 255 255 255 255
255 255 255 233 220 254 132  95  97  85 193 230 255 255 255 255
255 255 255 233 148  94 125 105  98 124 123 114 255 255 255 255
255 255 255 255 255 246 115 142 107  95 144 106 255 255 255 255
255 255 255 255 255 255 120  69 154 106 139 136 255 255 255 255
255 255 255 212 156 120 143  34  48  90 128 236 255 255 255 255
255 255 255 208 216 250 167  49  74  63 141 108 255 255 255 255
255 255 255 255 255 245  90  77 140 158  82 104 255 255 255 255
255 255 255 251 185  93 219 141 173 183 107 121 255 255 255 255
255 255 255 222 181 250 205 122 255 156 163 255 255 255 255 255
255 255 255 255 255 237 124 251 255 188 255 255 255 255 255 255
255 255 255 255 255 255 255 255 255 255 255 255 255 255 255 255
255 255 255 255 255 255 255 255 255 255 255 255 255 255 255 255
255 255 255 255 255 255 255 255 255 255 255 255 255 255 255 255
255 255 255 255 255 255 255 255 255 255 255 255 255 255 255 255
255 255 255 255 255 229 255 251 253 255 255 255 255 255 255 255
255 255 255 255 255 126 172 207 100 189 255 255 255 255 255 255
255 255 255 233 220 254 132  95  97  85 193 230 255 255 255 255
255 255 255 233 148  94 125 105  98 124 123 114 255 255 255 255
255 255 255 255 255 246 115 142 107  95 144 106 255 255 255 255
255 255 255 255 255 255 120  69 154 106 139 136 255 255 255 255
255 255 255 212 156 120 143  34  48  90 128 236 255 255 255 255
255 255 255 208 216 250 167  49  74  63 141 108 255 255 255 255
255 255 255 255 255 245  90  77 140 158  82 104 255 255 255 255
255 255 255 251 185  93 219 141 173 183 107 121 255 255 255 255
255 255 255 222 181 250 205 122 255 156 163 255 255 255 255 255
255 255 255 255 255 237 124 251 255 188 255 255 255 255 255 255
255 255 255 255 255 255 255 255 255 255 255 255 255 255 255 255
255 255 255 255 255 255 255 255 255 255 255 255 255 255 255 255
